A1=[[0, 0], [102, 29], [168, 114], [196, 205], [212, 270], [129, 189], [140, 245], [120, 170], [111, 157], [70, 195], [84, 247], [77, 159], [72, 162], [15, 194], [26, 248], [28, 166], [20, 162], [-38, 195], [-29, 229], [-18, 173], [-26, 163]]
A2=[[0, 0], [115, 49], [200, 170], [238, 292], [254, 382], [162, 280], [167, 359], [145, 253], [133, 223], [86, 285], [93, 355], [88, 233], [83, 225], [12, 275], [16, 345], [22, 235], [17, 219], [-60, 262], [-51, 313], [-36, 237], [-39, 218]]

N=[[0, 0], [90, 47], [123, 161], [74, 250], [31, 310], [128, 212], [148, 291], [126, 216], [104, 171], [64, 225], [91, 333], [81, 242], [66, 188], [0, 217], [16, 286], [17, 185], [13, 134], [-59, 199], [-36, 238], [-28, 176], [-29, 150]]










   
    A1=[[0, 0], [102, 29], [168, 114], [196, 205], [212, 270], [129, 189], [140, 245], [120, 170], [111, 157], [70, 195], [84, 247], [77, 159], [72, 162], [15, 194], [26, 248], [28, 166], [20, 162], [-38, 195], [-29, 229], [-18, 173], [-26, 163]]
    A2=[[0, 0], [115, 49], [200, 170], [238, 292], [254, 382], [162, 280], [167, 359], [145, 253], [133, 223], [86, 285], [93, 355], [88, 233], [83, 225], [12, 275], [16, 345], [22, 235], [17, 219], [-60, 262], [-51, 313], [-36, 237], [-39, 218]]
    N=[[0, 0], [90, 47], [123, 161], [74, 250], [31, 310], [128, 212], [148, 291], [126, 216], [104, 171], [64, 225], [91, 333], [81, 242], [66, 188], [0, 217], [16, 286], [17, 185], [13, 134], [-59, 199], [-36, 238], [-28, 176], [-29, 150]]

    dictletras = {'A1':A1,
    'A2':A2,
    'N':N
    }

    #A tentar ver se é um N ou um A
    if key == ord('d'):

        letramin='A1'
        distmin=np.mean([distance.euclidean(a, b) for a,b in zip(dictletras[letramin],originwrist)])

        for letra in dictletras.keys():
            dist=np.mean([distance.euclidean(a, b) for a,b in zip(dictletras[letra],originwrist)])
            if dist<distmin:
                distmin=dist
                letramin=letra
        print(letramin)





{'a': [[[0, 0], [109, 24], [179, 133], [200, 238], [211, 307], [132, 218], [137, 279], [118, 190], [112, 181], [66, 218], [74, 275], [72, 173], [71, 178], [5, 211], [9, 269], [15, 173], [10, 171], [-53, 207], [-51, 244], [-38, 177], [-42, 166]], [[0, 0], [108, 47], [168, 156], [183, 256], [199, 324], [109, 234], [127, 293], [111, 201], [98, 191], [43, 230], [66, 287], [65, 186], [53, 188], [-18, 217], [1, 278], [11, 185], [-5, 181], [-74, 207], [-60, 247], [-41, 186], [-53, 177]], [[0, 0], [110, 48], [169, 156], [183, 254], [199, 323], [108, 236], [129, 290], [113, 199], [99, 189], [43, 230], [69, 285], [67, 187], [54, 189], [-17, 217], [6, 276], [14, 184], [-3, 180], [-72, 206], [-54, 245], [-36, 184], [-49, 173]], [[0, 0], [108, 48], [170, 155], [181, 259], [175, 330], [110, 238], [130, 288], [113, 194], [101, 194], [43, 232], [68, 282], [66, 181], [55, 191], [-19, 217], [1, 271], [9, 181], [-6, 182], [-75, 205], [-60, 239], [-42, 179], [-53, 174]], [[0, 0], [105, 51], [171, 156], [189, 258], [183, 330], [111, 242], [134, 287], [114, 195], [100, 199], [43, 238], [68, 282], [65, 182], [54, 198], [-19, 222], [0, 270], [8, 182], [-7, 190], [-73, 211], [-61, 240], [-43, 182], [-55, 181]], [[0, 0], [92, 35], [166, 132], [199, 227], [196, 298], [126, 223], [135, 265], [111, 180], [105, 179], [59, 225], [72, 267], [62, 169], [62, 182], [-4, 216], [2, 257], [5, 167], [4, 174], [-61, 206], [-57, 233], [-45, 170], [-43, 164]], [[0, 0], [88, 29], [149, 106], [172, 192], [178, 252], [115, 179], [126, 224], [106, 152], [97, 150], [62, 182], [75, 226], [68, 144], [64, 153], [13, 178], [21, 224], [23, 148], [15, 150], [-35, 175], [-28, 203], [-17, 150], [-22, 144]], [[0, 0], [79, 22], [138, 94], [162, 172], [163, 227], [109, 158], [114, 205], [95, 140], [91, 134], [61, 162], [68, 206], [61, 130], [61, 135], [16, 158], [20, 202], [20, 132], [18, 131], [-28, 154], [-23, 182], [-17, 132], [-20, 123]], [[0, 0], [88, 13], [158, 94], [184, 184], [188, 244], [125, 167], [132, 217], [111, 146], [105, 137], [69, 174], [80, 220], [70, 136], [70, 139], [19, 172], [24, 216], [24, 137], [20, 134], [-31, 172], [-25, 200], [-21, 144], [-25, 134]], [[0, 0], [105, 23], [192, 115], [233, 214], [246, 284], [165, 206], [169, 255], [136, 169], [138, 171], [99, 219], [105, 266], [87, 166], [98, 178], [36, 219], [41, 264], [33, 174], [39, 178], [-19, 223], [-18, 250], [-14, 187], [-11, 181]], [[0, 0], [82, -9], [164, 86], [189, 189], [188, 249], [132, 168], [138, 230], [120, 156], [113, 135], [78, 173], [86, 228], [77, 140], [76, 132], [27, 171], [31, 221], [28, 136], [27, 124], [-26, 172], [-20, 201], [-21, 139], [-25, 126]], [[0, 0], [88, 4], [164, 96], [189, 196], [190, 259], [130, 178], [138, 237], [120, 162], [111, 143], [75, 181], [86, 237], [78, 146], [73, 142], [23, 177], [29, 228], [29, 142], [24, 134], [-30, 175], [-25, 207], [-20, 145], [-23, 132]], [[0, 0], [86, 1], [166, 98], [191, 201], [189, 262], [129, 176], [136, 236], [118, 162], [111, 145], [74, 178], [85, 236], [76, 147], [73, 142], [22, 175], [27, 227], [26, 142], [24, 133], [-32, 174], [-27, 207], [-23, 145], [-27, 131]], [[0, 0], [86, 7], [166, 100], [192, 198], [187, 258], [130, 178], [137, 239], [117, 164], [110, 149], [74, 180], [84, 238], [76, 147], [75, 147], [23, 177], [27, 230], [27, 143], [23, 140], [-31, 177], [-26, 208], [-22, 146], [-27, 136]], [[0, 0], [91, 14], [167, 104], [192, 199], [187, 262], [130, 183], [140, 241], [120, 166], [111, 151], [74, 186], [87, 241], [79, 151], [73, 151], [22, 182], [29, 233], [29, 148], [22, 144], [-32, 179], [-24, 211], [-18, 150], [-23, 140]], [[0, 0], [102, 41], [163, 128], [181, 213], [183, 276], [111, 204], [146, 253], [127, 175], [106, 160], [56, 204], [96, 254], [87, 165], [64, 161], [4, 196], [41, 245], [41, 161], [17, 152], [-47, 187], [-11, 218], [-1, 164], [-20, 157]], [[0, 0], [93, 35], [144, 110], [159, 187], [161, 243], [100, 180], [128, 238], [118, 170], [97, 137], [56, 183], [85, 243], [77, 160], [55, 134], [8, 180], [37, 242], [35, 158], [15, 125], [-45, 172], [-13, 223], [-5, 166], [-19, 137]], [[0, 0], [74, 57], [107, 144], [109, 214], [116, 273], [51, 205], [85, 255], [93, 190], [74, 156], [20, 202], [62, 256], [68, 176], [38, 148], [-19, 198], [28, 246], [32, 168], [4, 143], [-67, 187], [-18, 229], [-8, 177], [-34, 151]], [[0, 0], [80, 46], [122, 134], [128, 206], [133, 263], [65, 200], [103, 254], [104, 186], [82, 154], [30, 197], [73, 251], [74, 168], [45, 145], [-11, 191], [33, 244], [36, 162], [8, 136], [-60, 180], [-15, 223], [-3, 168], [-26, 142]], [[0, 0], [97, 29], [161, 114], [184, 202], [185, 265], [121, 189], [140, 247], [124, 170], [108, 148], [66, 192], [89, 248], [83, 158], [67, 152], [12, 186], [29, 243], [33, 156], [18, 142], [-43, 179], [-26, 216], [-13, 156], [-23, 140]], [[0, 0], [94, 19], [168, 111], [198, 207], [198, 272], [136, 190], [142, 251], [121, 173], [114, 161], [79, 193], [85, 251], [77, 157], [79, 162], [25, 189], [25, 242], [27, 155], [26, 157], [-29, 186], [-29, 221], [-22, 158], [-24, 150]], [[0, 0], [88, 30], [162, 124], [196, 218], [193, 286], [131, 208], [132, 257], [112, 177], [110, 174], [70, 211], [71, 258], [66, 162], [71, 175], [14, 204], [10, 247], [16, 160], [19, 168], [-40, 198], [-41, 227], [-30, 165], [-27, 159]], [[0, 0], [82, 34], [154, 127], [189, 220], [184, 288], [119, 217], [121, 260], [102, 180], [98, 177], [60, 220], [60, 260], [54, 163], [60, 177], [4, 214], [-1, 247], [5, 160], [11, 169], [-51, 206], [-51, 228], [-40, 166], [-35, 161]], [[0, 0], [77, 44], [141, 136], [173, 225], [171, 294], [109, 242], [86, 263], [76, 185], [90, 184], [50, 250], [22, 262], [25, 165], [48, 183], [-10, 240], [-39, 247], [-24, 163], [1, 172], [-65, 228], [-88, 232], [-69, 174], [-45, 172]], [[0, 0], [86, 35], [159, 129], [192, 223], [194, 290], [126, 215], [124, 263], [105, 181], [105, 178], [63, 217], [63, 263], [59, 166], [68, 178], [4, 210], [1, 253], [7, 163], [13, 167], [-52, 204], [-53, 232], [-42, 169], [-38, 161]], [[0, 0], [95, 19], [170, 108], [200, 204], [197, 270], [135, 188], [139, 250], [121, 173], [115, 156], [79, 190], [83, 249], [77, 156], [79, 155], [26, 186], [24, 239], [27, 150], [30, 145], [-29, 183], [-30, 218], [-23, 154], [-21, 141]], [[0, 0], [88, 40], [155, 133], [185, 225], [185, 294], [114, 219], [117, 265], [102, 183], [97, 181], [50, 219], [57, 262], [57, 167], [58, 181], [-7, 209], [-6, 248], [6, 161], [4, 169], [-60, 200], [-56, 226], [-40, 166], [-42, 161]], [[0, 0], [99, 22], [172, 105], [201, 193], [197, 254], [133, 182], [146, 242], [127, 168], [116, 148], [79, 185], [93, 243], [84, 154], [78, 147], [28, 182], [36, 237], [35, 150], [29, 138], [-26, 179], [-19, 218], [-12, 157], [-16, 139]]], 'q': [[[0, 0], [-35, 127], [-28, 235], [-21, 312], [-3, 381], [132, 274], [136, 372], [102, 433], [65, 460], [144, 228], [0, 330], [-73, 286], [-79, 244], [125, 172], [-36, 257], [-82, 206], [-67, 169], [88, 118], [-35, 196], [-74, 171], [-64, 143]]]}








